0101000001000101
1100000010001010
0100010010110100
1111101011001110
1000100010010110
1010001101111101
0011011011111011
1110000000111100
0110100110001101
1011101100111010
1011101010100011
1011010100001000
0100001001011011
0101000001100111
1111011000000001
1101101001000011
0100001110000110
0111001000010111
0000101000010010
1110110110110100
1101111110011010
0000000111100000
0000001111111101
0100111101001010
1100010111001100
0001110000101010
1001001100010100
1010110101100001
1011000011110101
1101110011111001
0000111110001110
1000001011100111
1110100000110010
0111101101101100
0000000010110100
0000011000001000
0001010101001001
0111000110000111
1011010111100111
0011101100000100
0111100000110110
0100011001010100
0000100111000101
1011011001001000
1111010001001101
0111011101001011
0111110011111110
1110010001000111
0001001001010011
1101100000010010
1001001000000000
0001010110011011
1100101001001110
0011111011101100
0110011011100100
1100101001001101
0101010011001001
0010001110101100
1111100110000001
1100110001110011
1110001011101100
1010010001101010
1110010010000000
1110111010110011
0010100011101000
1111000011000011
1011010110110111
0111001011001110
0010011101011110
1111100001011001
1000111000010000
1101100000110101
1111000100010110
0111010011100101
0101111110110100
0100010010001100
0111111001011111
0111001010001111
1011001111101001
0010000101100011
0110100010111011
0101111100011000
0100110001000100
0011101110101111
0011011001111101
1011000010110101
1100100001010100
1000001010000100
0101110110100010
0010010010010001
0101110100111100
0010010010001101
0000111000010110
0111110101000100
1100100011011100
0010110101000111
1110100110100100
0101001111010001
0010011000110011
1011101100000101
1010110111001011
1010001111110101
0000110011110100
1011000010110010
1011111000110101
1011100110000010
0110010010011001
0101000110001101
0100110110101100
0101001001110011
1010010100001111
0001001100001001
0111001010110110
1110001100111100
1000000001111101
1110111111010101
1110011011000111
0011010100101110
0100010110101010
0011100010001000
0010110100101100
1110001001000101
0011100111011001
0110101000101110
1011000000100110
0111000101101101
0011011000111101
0011011000110110
1000000001110101
1101100010011011
1101101101110000
0100000111111010
1101110000110100
0001000100011110
0011000101000000
0110010011001110
0101101110010101
0000011100000010
0001100011001001
0100100001100101
1011100011100001
0101111110100101
1100001110001101
1110111101010010
0001100001000011
1011010100110111
0101000001100001
0010101101100001
1011010010001001
0100000010010011
0001011010000011
0101001111010100
1001000111001111
1011100110000011
1010010000011001
1110000010100101
0000101111001111
0000000110110000
0111011010001010
0101010111011010
0101101001010011
1111000011001101
0011100011000010
0001010011100010
0110010100011100
1011100100100111
1101100100011111
0000010010111001
1100000110011110
1001000100000100
1010001010000111
1001100110010111
0010100101110000
1110100101101011
1101101001101100
0110111010101100
0001101000010010
0010011011101010
0010110011101101
1100100010100100
1001001101101001
1010001000111000
0110011111010011
1010101110001011
0110111101100001
0100100101010001
1011010101011110
0000101011010010
1000000110101010
0000111001001000
0001110101101110
1110100010000101
0101011001011110
0110011101000011
0100001011000011
1110101101000110
1010100010111001
0001001101011011
0110110100111110
0010000111000010
0001000000101000
0001101000101101
1101001000011010
0110010000100110
1101110000111101
0101110111011001
0001011010001001
0110010111110010
0111101110001000
1011001011100001
0000000100100010
0011110010010001
1100011000101100
0000010010110000
0001101011111010
1100111110110010
0001001010001001
0101100111010111
0100010000101111
0011001010111111
0101011010011111
0001100111111111
1000010011100000
1100001010110110
1000101011011010
1111000010001110
0100101111000100
0100111000101100
1101011101001111
0011100011000111
1011110110011110
0111100001110000
0011011000111000
0110111100010011
1010100001000111
1101011111000001
1110111101100010
1100110101110110
0100110101101011
1011101000010000
1100111011001100
1001000000010101
0101011101101010
1010111110100010
0000100101110011
0011001110010010
0101100101010000
0011100100011100
0100111011000010
1010011111101000
0010100110000110
1001010011011111
1100001011011010
1001010100110100
0010100011100100
1001111001001100
1111110010111111
0100111101100101
0100010011110111
0101011000110100
1110010000101100
0011111110000101
0011000100001100
1010000100010001
0011010110100100
0100110111010001
0001100101001001
0101100001100011
0001110111000001
1111100011001000
1101000000000001
1000001010100100
0111101010110011
0100000111001000
1111101101011110
1111010001011101
1000111000101000
1100111010000101
1110100000000010
1010010101111111
0111100111000001
0000000101101011
0111100101000011
1101111001100010
0001000011011001
1001010001011000
1100011110000110
1101000011001110
1011010010001110
0100000001000011
1100110100101010
1101010100011001
1001011001111010
1101111110110101
1100110101011001
0000111101100110
0111100000010101
1110000000010001
0110010000011100
0111110100110101
0111000011010001
0011010001101010
0000000110000010
0100101001111011
0110111010101110
0101011100100101
1010000110010011
1001110100000011
1101010111110101
0001101111111111
1110000110010011
0010100001111001
1100001000000100
0010101001100111
1110110001101100
0110100110100000
1011001001101111
1010010000001100
0111100100101000
1011011010001000
1100101000011011
0100111001010100
1101100001011001
1111111001111100
1100101000010011
1100010001101001
0100110001000100
0011100101000001
1011111010000101
0110000111110110
0011110011001100
0001101101000101
1010100010000001
0000000100001111
1010010101001100
1010001010111010
0101110000100101
1110111001100110
1111100101011001
1110010001011101
1010001100110111
1110101111011010
1011010101100000
0101110110000010
1110011111011101
0101001110010110
1111101111101011
0101101101110011
0011000011000111
0101001010001011
1100011110010000
1100110111111111
1000001011111100
1011111000101100
0010000001011111
1110011101010111
0110000010011100
0101001010001010
1101000000110111
0101100000100110
0001110101110100
0111111000001110
0001000110010010
1111101110000111
1000001101111000
1101111110001010
1000001101100110
0101111000101011
1110001001000100
1011101110001100
0011111110011101
0101000011011011
1011110101001111
0100101110110100
0001100001111100
1100000001001001
0011100111111101
0110110010010111
0000011110010100
0111001001010000
1110110001000001
0010111011011000
1010011001010100
1111010000111001
1001111111101101
1001111110001111
0010111111100001
0001000000101000
1011001010010110
0000010001010101
0011000111101100
1101101001101100
1000100111110001
0110011110100011
1010100001100000
0001010001011101
0010100100010010
0101100000110000
1100001110000110
0000111101001000
1110100101110000
1000111101110101
1000111011000011
0000010100111000
1010100011101010
0011000010001111
0011001110111110
1000000100001111
1111000001000111
0000100011101111
0110111011011011
0100110100110110
1011011101100111
1000111111000110
1110010001110010
1000100000101010
1101100110000110
1110111000101110
0011000001011101
0010100101111111
1010100011101010
0000110111010110
1010110001000111
0111011111111001
0001111000010100
1110100010011001
0010011010010101
0111101100100000
0110101000000110
1010110110000111
1100000010110011
0100101111100011
0010011111000001
1110001100010100
1101111100111010
0100100100100011
1110001011011111
0100101011101000
1000001011011010
0110000101111111
0100000010001010
1001101010111011
1110100111101110
1000000111000011
0010000100100110
1010010011101000
0001100111101000
0010000000010111
0010010001101101
0000100011101101
0011110010000001
0111010001001001
0010110100101101
0101111110001110
0101101000010001
1111000100001100
0111111011001001
0011010111100010
1011010001011000
0011110010110110
0000110101011100
0100100010101110
1000111000010100
1011001111100011
0000010110010100
0010011000011001
1111100011011101
0101001010010001
0110110010000011
0011000000110000
0100000010101110
1001111010111011
0111000011110100
1011110011111010
1111100101110010
0011001000111000
0111100010111111
1011011100110010
0111001100001001
0011001101001100
0111100110010110
1000100000011010
0110111001111011
0111000001111001
0100101000001011
0010011100111001
0000011000001001
1101011011101001
1000011100110011
1000000010000101
0011101010010001
0111111010000111
0000000111000010
0001001011100001
0101110010111000
0110011101101001
1111010110010110
1010001001101100
1111101010100011
1011000001010010
1101011100100011
1001011111101010
0110000110111100
0111111111010111
1001001110001010
1011000000101111
1010100000101110
1011001010011111
1011101010101011
1011001001010100
0011110100110000
0011111111101011
0010111110101011
0010000110000001
0011010111011001
0011011000010011
0101101101000000
1000110000100101
1110001011000110
1011000010100010
0001010001001100
0110101111001000
0101011111010110
1110100000010010
1001000010110000
0100011011101010
1100001011101101
1000100101011000
0000101101100010
0011011000010100
1011000111110000
0100011011111011
0111000111001100
0111111011111000
0000110100010001
1011101100101111
1000000101011010
0000001100010100
1111000011111101
0011100010010011
0010000011000100
0001000010111000
0000110000100100
1111110010110111
1110001001111011
0100111101111100
1110000111001110
0011001111011101
1010011110111101
0000111110011000
1010110100111101
0101010001101111
0010100110110111
0110010100010101
1110111001010111
0011000000110110
1001110110101101
1100000010000110
1011111101100011
0110010101000100
0011110111000110
0011010101010100
1111110011100111
0000100010101101
0000011011010101
1101001101111011
0100001010010100
0011110110000001
0010110100011010
0110101001100101
1011110011111011
0000011111001010
1111011011001111
0000001011101111
1100111010001000
1111011001110000
1101101011111100
0011001001000111
0101010110011111
0100011100000011
1000110001111000
0111011101010111
0110111111001111
0101101001101100
1110110110001100
1100010000111101
1010100010000000
1111100010000011
0111000000000111
0000100110010110
1000000001100000
1110100010110110
1101001101101110
0101011001001001
0011110110101011
1111010011101010
1111110111100110
1000110100011111
0000000110001000
0000100110000010
0100111010110110
0110010110101111
0100001001001110
0011110010010010
0101100001111100
1111101110001111
1001110010010001
0110010110001110
1111101110101010
0011000110111001
1101000000101000
0101101000101001
1111001001010011
0100101011000010
0111000000100001
1101001011001010
0111100001111000
1101101100100111
1011010111000000
0110101010110100
0101101001010110
1001101011011110
0001101110001110
0110100011101101
0010100110011011
1100010110111101
0111100011110110
1100100110100000
0011000001101000
0001001001000101
0101011010111011
0010101011101000
1000100000100011
0100110110110010
0101111110111011
0000110001011100
0111011110101101
0111010001111001
1111010000100110
1010010000111100
0110011001010011
0101001110001100
0001111010010110
1001101101101101
0001011001010011
1110010111010011
0101101010110001
1100100111110001
0100100000011000
0001101011000101
1000100111101000
1001010011110011
1011110100000111
1111010100000001
1110011110001001
0101000011110001
0111100110011000
0100101010011011
1100011101110001
1011111111101100
1111111011101000
0101110011111110
0110110011110101
0110110001001101
0100100011010100
1100101111111001
1101010101100101
0101010010000110
1100010100000001
0010111101100010
0110000101111001
0011100010111111
0100001101110111
0111111001110111
0000100111110110
0111011001101001
0010110010111110
1110000001000010
1110101000100000
1011100000101101
1011111010110011
1110111001101101
1001110101110001
1010011010001111
1000000101100101
0001111010111000
0010100110001110
1000110011110101
1100010010011100
0101110011110110
1011011100111000
0011111000100001
0000011101011101
0010111111011010
1100011100001011
1000100111111011
1001111000001001
0100000000100001
0011101000101101
1000111011110110
0101100110101000
0101010100011000
0100110000011010
1111000110100100
1110001010111001
0011000110101101
1111001110010000
0001000010101000
1000011101100111
1111010001011011
0100010111000101
1010101110010101
1111000011001010
1100011011101010
1001110101011000
1111010110001110
1101011000011000
0011000010100001
1000100010110111
0101010110001111
0111000011001011
0000000011011010
0110001010011110
0100111000110110
1101100100101101
1110010101111101
0110010101110100
0000101011111010
1110001000110111
0011001110010010
1110010111011011
1010010110100001
0011111000100100
1110011000001010
1001100010101001
0011001101010111
1011111111111110
0010110101101001
0000011111001010
0101010001101101
0110000111011000
0111110101101110
1010010010011000
0010111110111111
1010101111000111
1101100010011111
1011011110011111
1110110100000000
0110000111101010
1100000101011110
1111101010100011
0001000010010010
1101110111010011
1011000000100100
0101010011001111
0011111110101011
1111100010001010
1010110111101111
0101000000101111
0011100000110110
0011101001011001
1001000000110010
1110011010011010
0000010001101000
1000110111011011
1010111100010010
0000000000100111
1101000000010111
1101101000111111
1011110001001100
0100101101100111
0110011100110001
1010110100110010
0010101111101010
0010010000011110
0101111100001101
1101000101010110
0110000101001101
1011001101010111
1001111011110111
0000101111101000
0111000011110101
0111001101001100
1101001011110000
1100000010110010
0100001000101010
0000001001011100
1000010000110010
1100111010100010
1001001101010001
0111101101101011
0011010001000000
1011010010110011
1110000110001010
0100101111000100
0110011010111001
0000001000100010
0110011100000110
1100000110011111
1111010100001110
0110111010100111
0000010001100100
1000111101101100
1010111111111101
1111111011010101
0001011101000011
0111001101111110
1101110110001110
1100001010100110
1001011001101101
0010101111100010
1110111110000010
1101010000100110
0011100111111101
1000011000100000
0010011011001010
0111110100110001
0100011100110001
0010001010000010
0011000000010000
0111000010010010
1111011110110010
0100101110010000
0010011110000101
0011100001010001
0001101010110000
0010001101010101
1101011011111011
1100011000111111
0100110111011001
1001011000010000
0100111100111111
1101010011110110
0010110100010100
0110100100101011
0001011001011100
1101000111110101
1001000100111111
0101110001111010
1011100000010010
0010000011011010
1001011010010010
0011110111110101
0101011010010000
0111100000101101
0100100101000001
1101010001100011
1010111101101111
1010101011101111
0010110111111101
0011111000110111
1110000011100101
1010101011111011
1001001101001010
1110000000010010
1100011100011110
0000000111101011
0100001111101100
1010110100010000
0111010011111111
1001111000010100
1111010000100001
0101000101010110
0000011010010101
0111000001110011
0010000011101111
1101101011000001
0010010011001011
1011101011100001
1000111111011011
1011110000011000
1010110110010011
1011111010111101
1100101111001011
1000101001010111
1111011001011000
1100001101101111
1011011001111100
1011000111110111
0000101001011110
0101000011111110
0101001001000111
0101111110101110
1000001111001011
0001000011000011
0111100000101110
0111111011010110
1011111011010000
1110111101101011
1001001010001001
1001001111011011
0100100001011000
0010010000110111
0001011010000100
0001011011101111
0111000101000000
1010010001100011
0100110111110010
0101011011101110
0011101010011001
0010111001100001
1101111000011100
0010100010010001
1100110111010011
0010110011100101
0100010011100010
1001100011100010
0000110011010111
1001000010100011
0100101100111001
0111100001010011
1110111110100000
0011101110011100
0111001100011011
1001101011001011
0001111101100100
0101100110001010
0011010111011101
0110111000001000
1001110101011011
0111110011011000
0111111111101000
1100110101000000
0110111100111011
1101101110011001
0111100001010110
0100101101001010
1010001000011010
1010110011110000
1010110100100100
1101001011100010
1000001111111100
1000010111101010
1110001010001100
1110011001011111
0001100110010011
0000100100010100
1011111101111101
1000111111101011
1010111010110000
1000010000111101
1001011000000100
0001100111000100
0101011011111110
0110001000001001
1000010110010011
1111100011100101
1110010111100010
1001011000110111
1010111101100111
0101110101110110
0010100100110100
1111011101100000
0101101111100000
1010101100100100
1111100011110010
1010100010111101
1001011001111101
0011110110010100
0000100000111001
1000000011100000
1101101110001101
0001000110101010
1101111010110011
1101001011000000
0000110101000110
0101101111001010
0010100000010111
0111100001001101
0000011010110000
1101001011000011
0101010000101001
1111110101000000
1111100111011101
0000001001000110
0001010011100111
1100111010010011
1101101011001010
0010111101100000
0111010011111110
0011111001111000
0000110110100010
0110110010001100
1010001101011100
0010011100000110
0011000100001010
1000111011010100
0101111100110101
0100101100101010
1010110111111100
1110010111101111
0001101011000001
1010000111011110
0110110000001000
1001111101011101
1100010100011010
0000000010101110
0011001001010010
0010101001010000
1110011100000000
